  0        0 9.0
  1   100000 0.0
  2   200000 9.0
  3   300000 10.0
  4   400000 9.0
  5   500000 12.0
  6   600000 11.0
  7   700000 10.0
  8   800000 10.0
  9   900000 19.0
 10  1000000 24.0
 11  1100000 28.0
 12  1200000 17.0
 13  1300000 27.0
 14  1400000 21.0
 15  1500000 37.0
 16  1600000 32.0
 17  1700000 49.0
 18  1800000 36.0
 19  1900000 30.0
 20  2000000 51.0
 21  2100000 38.0
 22  2200000 57.0
 23  2300000 46.0
 24  2400000 48.0
 25  2500000 60.0
 26  2600000 58.0
 27  2700000 65.0
 28  2800000 61.0
 29  2900000 75.0
 30  3000000 60.0
 31  3100000 52.0
 32  3200000 51.0
 33  3300000 77.0
 34  3400000 91.0
 35  3500000 68.0
 36  3600000 128.0
 37  3700000 254.0
 38  3800000 87.0
 39  3900000 109.0
 40  4000000 139.0
 41  4100000 56.0
 42  4200000 145.0
 43  4300000 118.0
 44  4400000 170.0
 45  4500000 94.0
 46  4600000 294.0
 47  4700000 164.0
 48  4800000 57.0
 49  4900000 122.0
 50  5000000 244.0
 51  5100000 304.0
 52  5200000 136.0
 53  5300000 132.0
 54  5400000 150.0
 55  5500000 182.0
 56  5600000 219.0
 57  5700000 227.0
 58  5800000 297.0
 59  5900000 146.0
 60  6000000 152.0
 61  6100000 163.0
 62  6200000 275.0
 63  6300000 257.0
 64  6400000 373.0
 65  6500000 249.0
 66  6600000 268.0
 67  6700000 339.0
 68  6800000 269.0
 69  6900000 265.0
 70  7000000 270.0
 71  7100000 170.0
 72  7200000 229.0
 73  7300000 116.0
 74  7400000 244.0
 75  7500000 228.0
 76  7600000 236.0
 77  7700000 376.0
 78  7800000 376.0
 79  7900000 272.0
 80  8000000 293.0
 81  8100000 298.0
 82  8200000 264.0
 83  8300000 128.0
 84  8400000 441.7
 85  8500000 335.0
 86  8600000 243.0
 87  8700000 206.0
 88  8800000 300.0
 89  8900000 215.0
 90  9000000 234.0
 91  9100000 353.0
 92  9200000 275.0
 93  9300000 413.0
 94  9400000 306.0
 95  9500000 395.0
 96  9600000 307.0
 97  9700000 303.0
 98  9800000 291.0
 99  9900000 230.0
100 10000000 148.7
101 10100000 280.7
102 10200000 354.7
103 10300000 81.7
104 10400000 205.3
105 10500000 250.0
106 10600000 270.0
107 10700000 167.0
108 10800000 298.3
109 10900000 255.0
110 11000000 228.3
111 11100000 312.3
112 11200000 215.0
113 11300000 329.0
114 11400000 83.0
115 11500000 327.7
116 11600000 77.7
117 11700000 159.3
118 11800000 269.0
119 11900000 382.7
120 12000000 146.0
121 12100000 96.0
122 12200000 391.0
123 12300000 247.3
124 12400000 354.3
125 12500000 189.0
126 12600000 276.7
127 12700000 240.3
128 12800000 407.3
129 12900000 306.7
130 13000000 187.7
131 13100000 334.7
132 13200000 361.7
133 13300000 236.3
134 13400000 398.0
135 13500000 311.7
136 13600000 408.0
137 13700000 318.7
138 13800000 477.3
139 13900000 325.3
140 14000000 357.7
141 14100000 416.7
142 14200000 279.7
143 14300000 272.3
144 14400000 347.7
145 14500000 228.0
146 14600000 108.0
147 14700000 399.0
148 14800000 320.0
149 14900000 323.0
150 15000000 251.0
151 15100000 364.0
152 15200000 485.0
153 15300000 277.0
154 15400000 269.0
155 15500000 275.0
156 15600000 401.0
157 15700000 108.0
158 15800000 385.0
159 15900000 55.0
160 16000000 309.0
161 16100000 436.7
162 16200000 351.0
163 16300000 380.0
164 16400000 343.0
165 16500000 320.0
166 16600000 323.0
167 16700000 337.0
168 16800000 278.0
169 16900000 351.0
170 17000000 331.0
171 17100000 420.0
172 17200000 402.0
173 17300000 338.0
174 17400000 375.0
175 17500000 276.0
176 17600000 672.3
177 17700000 393.0
178 17800000 404.3
179 17900000 352.3
180 18000000 351.0
181 18100000 266.3
182 18200000 382.3
183 18300000 46.0
184 18400000 363.7
185 18500000 241.3
186 18600000 449.3
187 18700000 350.3
188 18800000 373.0
189 18900000 300.0
190 19000000 324.0
191 19100000 424.0
192 19200000 391.3
193 19300000 250.3
194 19400000 378.0
195 19500000 280.3
196 19600000 355.7
197 19700000 322.3
198 19800000 343.0
199 19900000 345.0
200 20000000 379.0
201 20100000 293.0
202 20200000 127.7
203 20300000 383.7
204 20400000 329.0
205 20500000 273.0
206 20600000 400.3
207 20700000 137.3
208 20800000 490.3
209 20900000 354.7
210 21000000 320.0
211 21100000 341.7
212 21200000 263.3
213 21300000 312.0
214 21400000 388.0
215 21500000 344.7
216 21600000 356.7
217 21700000 311.7
218 21800000 367.3
219 21900000 295.3
220 22000000 332.0
221 22100000 287.0
222 22200000 298.0
223 22300000 168.7
224 22400000 384.7
225 22500000 328.0
226 22600000 329.0
227 22700000 329.7
228 22800000 384.0
229 22900000 317.7
230 23000000 359.7
231 23100000 338.0
232 23200000 300.3
233 23300000 311.0
234 23400000 372.0
235 23500000 360.3
236 23600000 357.7
237 23700000 344.3
238 23800000 306.0
239 23900000 318.7
240 24000000 344.3
241 24100000 222.7
242 24200000 398.0
243 24300000 350.3
244 24400000 391.3
245 24500000 416.0
246 24600000 341.3
247 24700000 393.3
248 24800000 337.7
249 24900000 324.7
250 25000000 375.0
251 25100000 404.0
252 25200000 343.3
253 25300000 334.3
254 25400000 314.3
255 25500000 390.0
256 25600000 376.3
257 25700000 389.7
258 25800000 366.3
259 25900000 376.3
260 26000000 387.7
261 26100000 368.3
262 26200000 380.7
263 26300000 106.7
264 26400000 327.0
265 26500000 363.7
266 26600000 381.7
267 26700000 358.0
268 26800000 368.7
269 26900000 391.3
270 27000000 341.3
271 27100000 283.0
272 27200000 549.0
273 27300000 340.3
274 27400000 333.7
275 27500000 297.0
276 27600000 490.0
277 27700000 352.3
278 27800000 378.3
279 27900000 355.3
280 28000000 365.7
281 28100000 393.0
282 28200000 380.3
283 28300000 365.0
284 28400000 362.0
285 28500000 394.3
286 28600000 351.7
287 28700000 364.0
288 28800000 361.7
289 28900000 370.7
290 29000000 430.7
291 29100000 222.3
292 29200000 483.3
293 29300000 271.3
294 29400000 413.0
295 29500000 426.3
296 29600000 416.7
297 29700000 405.3
298 29800000 359.7
299 29900000 384.3
300 30000000 381.3
301 30100000 587.3
302 30200000 365.3
303 30300000 372.0
304 30400000 431.7
305 30500000 342.0
306 30600000 314.3
307 30700000 802.3
308 30800000 166.0
309 30900000 396.0
310 31000000 343.0
311 31100000 399.0
312 31200000 482.7
313 31300000 388.0
314 31400000 399.0
315 31500000 386.3
316 31600000 395.0
317 31700000 409.0
318 31800000 372.3
319 31900000 370.0
320 32000000 374.3
321 32100000 429.0
322 32200000 387.3
323 32300000 279.0
324 32400000 447.3
325 32500000 358.3
326 32600000 224.3
327 32700000 513.7
328 32800000 343.7
329 32900000 393.7
330 33000000 384.0
331 33100000 429.3
332 33200000 429.3
333 33300000 379.3
334 33400000 430.3
335 33500000 405.7
336 33600000 438.3
337 33700000 386.7
338 33800000 441.3
339 33900000 660.3
340 34000000 391.7
341 34100000 361.0
342 34200000 394.3
343 34300000 352.3
344 34400000 382.0
345 34500000 406.7
346 34600000 385.7
347 34700000 402.3
348 34800000 392.7
349 34900000 379.3
350 35000000 357.0
351 35100000 395.7
352 35200000 428.3
353 35300000 411.3
354 35400000 379.0
355 35500000 392.3
356 35600000 373.3
357 35700000 420.0
358 35800000 402.7
359 35900000 383.3
360 36000000 1599.0
361 36100000 426.0
362 36200000 359.0
363 36300000 403.0
364 36400000 378.0
365 36500000 424.0
366 36600000 344.0
367 36700000 388.0
368 36800000 393.0
369 36900000 394.0
370 37000000 381.0
371 37100000 373.0
372 37200000 1126.7
373 37300000 366.0
374 37400000 399.0
375 37500000 381.3
376 37600000 290.3
377 37700000 461.7
378 37800000 455.7
379 37900000 357.3
380 38000000 259.7
381 38100000 428.7
382 38200000 359.7
383 38300000 440.7
384 38400000 398.0
385 38500000 422.0
386 38600000 389.3
387 38700000 408.3
388 38800000 375.7
389 38900000 404.7
390 39000000 264.3
391 39100000 381.0
392 39200000 357.3
393 39300000 408.3
394 39400000 444.7
395 39500000 678.0
396 39600000 422.3
397 39700000 356.0
398 39800000 396.3
399 39900000 1419.7
400 40000000 393.0
401 40100000 407.0
402 40200000 389.0
403 40300000 417.0
404 40400000 394.0
405 40500000 421.0
406 40600000 332.0
407 40700000 411.0
408 40800000 391.0
409 40900000 426.0
410 41000000 371.0
411 41100000 416.0
412 41200000 406.0
413 41300000 413.0
414 41400000 352.0
415 41500000 371.0
416 41600000 381.0
417 41700000 394.0
418 41800000 426.0
419 41900000 405.0
420 42000000 409.0
421 42100000 400.0
422 42200000 428.0
423 42300000 357.0
424 42400000 384.0
425 42500000 427.0
426 42600000 372.0
427 42700000 352.0
428 42800000 410.0
429 42900000 372.0
430 43000000 352.0
431 43100000 392.0
432 43200000 379.0
433 43300000 402.0
434 43400000 428.0
435 43500000 422.0
436 43600000 373.0
437 43700000 327.0
438 43800000 390.0
439 43900000 339.0
440 44000000 420.0
441 44100000 398.0
442 44200000 400.0
443 44300000 416.0
444 44400000 408.0
445 44500000 418.0
446 44600000 427.0
447 44700000 427.0
448 44800000 411.0
449 44900000 396.0
450 45000000 419.0
451 45100000 424.0
452 45200000 423.0
453 45300000 411.0
454 45400000 390.0
455 45500000 407.0
456 45600000 423.0
457 45700000 428.0
458 45800000 414.0
459 45900000 399.0
460 46000000 421.0
461 46100000 414.0
462 46200000 378.0
463 46300000 413.0
464 46400000 313.0
465 46500000 394.0
466 46600000 398.0
467 46700000 394.0
468 46800000 365.0
469 46900000 420.0
470 47000000 408.0
471 47100000 424.0
472 47200000 417.0
473 47300000 405.0
474 47400000 1051.3
475 47500000 403.3
476 47600000 327.7
477 47700000 390.0
478 47800000 432.3
479 47900000 379.0
480 48000000 178.3
481 48100000 432.7
482 48200000 359.7
483 48300000 414.3
484 48400000 425.3
485 48500000 348.3
486 48600000 365.7
487 48700000 409.0
488 48800000 387.0
489 48900000 263.0
490 49000000 461.0
491 49100000 388.3
492 49200000 375.7
493 49300000 424.3
494 49400000 363.3
495 49500000 438.7
496 49600000 382.0
497 49700000 431.3
498 49800000 391.7
499 49900000 1547.0
