  0        0 9.0
  1   100000 3.0
  2   200000 1.0
  3   300000 9.0
  4   400000 12.0
  5   500000 13.0
  6   600000 7.0
  7   700000 16.0
  8   800000 17.0
  9   900000 19.0
 10  1000000 20.0
 11  1100000 28.0
 12  1200000 36.0
 13  1300000 36.0
 14  1400000 28.0
 15  1500000 45.0
 16  1600000 37.0
 17  1700000 39.0
 18  1800000 35.0
 19  1900000 56.0
 20  2000000 60.0
 21  2100000 38.0
 22  2200000 48.0
 23  2300000 61.0
 24  2400000 42.0
 25  2500000 67.0
 26  2600000 62.0
 27  2700000 95.0
 28  2800000 114.0
 29  2900000 89.0
 30  3000000 55.0
 31  3100000 92.0
 32  3200000 97.0
 33  3300000 67.0
 34  3400000 158.0
 35  3500000 271.0
 36  3600000 115.0
 37  3700000 209.0
 38  3800000 296.0
 39  3900000 124.0
 40  4000000 87.0
 41  4100000 109.0
 42  4200000 210.0
 43  4300000 99.0
 44  4400000 95.0
 45  4500000 121.0
 46  4600000 189.0
 47  4700000 250.0
 48  4800000 328.0
 49  4900000 123.0
 50  5000000 315.0
 51  5100000 214.0
 52  5200000 214.0
 53  5300000 224.0
 54  5400000 190.0
 55  5500000 194.0
 56  5600000 270.0
 57  5700000 214.0
 58  5800000 191.0
 59  5900000 191.0
 60  6000000 349.0
 61  6100000 183.0
 62  6200000 380.0
 63  6300000 305.0
 64  6400000 207.0
 65  6500000 266.0
 66  6600000 301.0
 67  6700000 194.0
 68  6800000 301.0
 69  6900000 194.0
 70  7000000 253.0
 71  7100000 184.0
 72  7200000 170.0
 73  7300000 301.0
 74  7400000 165.0
 75  7500000 222.0
 76  7600000 279.0
 77  7700000 226.0
 78  7800000 198.0
 79  7900000 184.0
 80  8000000 345.0
 81  8100000 124.0
 82  8200000 261.0
 83  8300000 289.0
 84  8400000 271.0
 85  8500000 258.0
 86  8600000 334.0
 87  8700000 186.0
 88  8800000 170.0
 89  8900000 727.3
 90  9000000 152.3
 91  9100000 299.7
 92  9200000 206.0
 93  9300000 319.7
 94  9400000 347.3
 95  9500000 212.0
 96  9600000 314.0
 97  9700000 293.3
 98  9800000 337.0
 99  9900000 241.0
100 10000000 215.3
101 10100000 311.3
102 10200000 316.7
103 10300000 398.3
104 10400000 236.7
105 10500000 201.3
106 10600000 30.3
107 10700000 584.3
108 10800000 372.0
109 10900000 308.7
110 11000000 301.3
111 11100000 399.7
112 11200000 312.0
113 11300000 298.7
114 11400000 352.7
115 11500000 385.7
116 11600000 349.0
117 11700000 165.0
118 11800000 419.7
119 11900000 112.7
120 12000000 385.7
121 12100000 422.7
122 12200000 415.0
123 12300000 350.3
124 12400000 266.3
125 12500000 349.0
126 12600000 289.0
127 12700000 390.0
128 12800000 273.3
129 12900000 295.0
130 13000000 276.0
131 13100000 270.0
132 13200000 383.7
133 13300000 79.0
134 13400000 354.3
135 13500000 331.0
136 13600000 340.0
137 13700000 177.0
138 13800000 345.0
139 13900000 358.0
140 14000000 388.0
141 14100000 379.0
142 14200000 382.0
143 14300000 382.0
144 14400000 281.0
145 14500000 361.0
146 14600000 239.0
147 14700000 212.0
148 14800000 360.0
149 14900000 356.0
150 15000000 365.0
151 15100000 387.0
152 15200000 380.0
153 15300000 166.0
154 15400000 391.0
155 15500000 358.0
156 15600000 349.0
157 15700000 381.0
158 15800000 309.0
159 15900000 335.0
160 16000000 313.0
161 16100000 410.0
162 16200000 546.7
163 16300000 402.0
164 16400000 385.0
165 16500000 370.0
166 16600000 771.3
167 16700000 481.0
168 16800000 383.7
169 16900000 407.7
170 17000000 392.7
171 17100000 372.0
172 17200000 416.0
173 17300000 543.3
174 17400000 339.0
175 17500000 381.0
176 17600000 403.0
177 17700000 219.0
178 17800000 386.7
179 17900000 386.3
180 18000000 374.7
181 18100000 391.0
182 18200000 269.3
183 18300000 481.3
184 18400000 412.0
185 18500000 191.0
186 18600000 351.3
187 18700000 157.7
188 18800000 433.0
189 18900000 355.3
190 19000000 417.0
191 19100000 362.3
192 19200000 376.3
193 19300000 343.0
194 19400000 345.7
195 19500000 391.7
196 19600000 169.7
197 19700000 389.0
198 19800000 417.0
199 19900000 298.0
200 20000000 210.7
201 20100000 336.0
202 20200000 350.0
203 20300000 347.0
204 20400000 297.0
205 20500000 316.0
206 20600000 280.3
207 20700000 344.3
208 20800000 401.7
209 20900000 116.0
210 21000000 330.0
211 21100000 208.7
212 21200000 362.0
213 21300000 396.0
214 21400000 348.3
215 21500000 238.7
216 21600000 439.3
217 21700000 392.0
218 21800000 325.7
219 21900000 214.0
220 22000000 396.3
221 22100000 355.7
222 22200000 351.7
223 22300000 412.0
224 22400000 296.0
225 22500000 396.7
226 22600000 395.7
227 22700000 271.0
228 22800000 414.0
229 22900000 263.3
230 23000000 355.7
231 23100000 404.3
232 23200000 311.3
233 23300000 382.3
234 23400000 544.3
235 23500000 419.0
236 23600000 344.0
237 23700000 388.0
238 23800000 378.0
239 23900000 400.0
240 24000000 410.0
241 24100000 922.0
242 24200000 365.3
243 24300000 394.7
244 24400000 400.0
245 24500000 399.3
246 24600000 415.3
247 24700000 391.7
248 24800000 407.7
249 24900000 417.7
250 25000000 269.7
251 25100000 419.7
252 25200000 365.7
253 25300000 377.7
254 25400000 356.3
255 25500000 350.7
256 25600000 415.3
257 25700000 431.0
258 25800000 687.7
259 25900000 332.0
260 26000000 329.3
261 26100000 369.3
262 26200000 413.0
263 26300000 396.0
264 26400000 374.3
265 26500000 410.0
266 26600000 381.3
267 26700000 413.3
268 26800000 361.0
269 26900000 959.0
270 27000000 387.0
271 27100000 486.7
272 27200000 395.3
273 27300000 642.0
274 27400000 247.7
275 27500000 419.0
276 27600000 403.3
277 27700000 293.7
278 27800000 372.7
279 27900000 392.7
280 28000000 396.7
281 28100000 348.0
282 28200000 393.7
283 28300000 359.0
284 28400000 388.0
285 28500000 402.3
286 28600000 310.3
287 28700000 494.0
288 28800000 407.0
289 28900000 371.0
290 29000000 375.3
291 29100000 389.7
292 29200000 319.3
293 29300000 427.7
294 29400000 411.0
295 29500000 322.0
296 29600000 430.3
297 29700000 349.0
298 29800000 375.0
299 29900000 418.7
300 30000000 360.3
301 30100000 416.3
302 30200000 367.0
303 30300000 167.0
304 30400000 487.0
305 30500000 427.7
306 30600000 411.0
307 30700000 278.3
308 30800000 451.3
309 30900000 337.3
310 31000000 363.3
311 31100000 318.3
312 31200000 393.7
313 31300000 393.7
314 31400000 370.7
315 31500000 274.0
316 31600000 503.7
317 31700000 366.7
318 31800000 235.3
319 31900000 505.0
320 32000000 362.0
321 32100000 382.3
322 32200000 191.7
323 32300000 510.3
324 32400000 425.0
325 32500000 340.0
326 32600000 410.3
327 32700000 231.0
328 32800000 429.3
329 32900000 365.7
330 33000000 417.7
331 33100000 382.7
332 33200000 361.3
333 33300000 396.7
334 33400000 347.3
335 33500000 433.3
336 33600000 410.0
337 33700000 410.3
338 33800000 195.3
339 33900000 483.3
340 34000000 383.3
341 34100000 376.3
342 34200000 384.7
343 34300000 388.0
344 34400000 418.0
345 34500000 288.7
346 34600000 482.3
347 34700000 394.7
348 34800000 417.7
349 34900000 441.7
350 35000000 472.3
351 35100000 526.0
352 35200000 420.0
353 35300000 388.0
354 35400000 415.0
355 35500000 421.0
356 35600000 398.0
357 35700000 390.0
358 35800000 394.0
359 35900000 96.0
360 36000000 373.0
361 36100000 382.0
362 36200000 357.0
363 36300000 404.0
364 36400000 330.0
365 36500000 413.0
366 36600000 340.0
367 36700000 391.0
368 36800000 376.0
369 36900000 399.0
370 37000000 394.0
371 37100000 367.0
372 37200000 403.0
373 37300000 394.0
374 37400000 419.0
375 37500000 392.0
376 37600000 410.0
377 37700000 411.0
378 37800000 525.7
379 37900000 388.3
380 38000000 421.0
381 38100000 419.0
382 38200000 397.0
383 38300000 404.7
384 38400000 403.3
385 38500000 405.0
386 38600000 359.0
387 38700000 411.7
388 38800000 394.0
389 38900000 367.0
390 39000000 434.0
391 39100000 416.3
392 39200000 384.0
393 39300000 391.0
394 39400000 425.0
395 39500000 422.7
396 39600000 428.3
397 39700000 414.3
398 39800000 1354.0
399 39900000 628.3
400 40000000 554.3
401 40100000 350.7
402 40200000 467.3
403 40300000 382.7
404 40400000 351.3
405 40500000 422.0
406 40600000 430.3
407 40700000 393.3
408 40800000 382.7
409 40900000 418.7
410 41000000 232.3
411 41100000 543.7
412 41200000 394.3
413 41300000 503.0
414 41400000 500.7
415 41500000 412.3
416 41600000 377.7
417 41700000 407.7
418 41800000 372.3
419 41900000 385.7
420 42000000 379.7
421 42100000 374.3
422 42200000 392.7
423 42300000 421.3
424 42400000 387.7
425 42500000 366.0
426 42600000 388.3
427 42700000 421.7
428 42800000 398.0
429 42900000 380.3
430 43000000 419.0
431 43100000 379.3
432 43200000 557.7
433 43300000 469.3
434 43400000 401.7
435 43500000 401.7
436 43600000 376.3
437 43700000 420.0
438 43800000 362.7
439 43900000 453.3
440 44000000 415.3
441 44100000 403.0
442 44200000 542.3
443 44300000 330.0
444 44400000 398.0
445 44500000 428.0
446 44600000 408.0
447 44700000 963.0
448 44800000 365.3
449 44900000 390.3
450 45000000 436.7
451 45100000 408.0
452 45200000 396.0
453 45300000 425.0
454 45400000 426.7
455 45500000 419.3
456 45600000 399.0
457 45700000 427.7
458 45800000 332.7
459 45900000 457.3
460 46000000 428.7
461 46100000 396.0
462 46200000 361.0
463 46300000 478.0
464 46400000 420.0
465 46500000 367.3
466 46600000 412.7
467 46700000 899.3
468 46800000 408.7
469 46900000 448.0
470 47000000 385.7
471 47100000 416.7
472 47200000 286.3
473 47300000 518.0
474 47400000 417.3
475 47500000 418.7
476 47600000 420.0
477 47700000 398.0
478 47800000 418.3
479 47900000 1616.7
480 48000000 416.0
481 48100000 429.0
482 48200000 2005.0
483 48300000 426.0
484 48400000 366.0
485 48500000 416.0
486 48600000 384.0
487 48700000 385.0
488 48800000 419.0
489 48900000 391.0
490 49000000 389.0
491 49100000 396.0
492 49200000 404.0
493 49300000 1035.0
494 49400000 414.0
495 49500000 405.7
496 49600000 422.7
497 49700000 397.3
498 49800000 431.3
499 49900000 379.0
